2251388500
7468611644
6329693946
7095682825
245662005
6504986360
2350840700
1078767831
4298676072
7178032757
4165264097
994732206
3706757136
31970568
7199608878
113491250
1054526971
3645347821
7467446439
110181652
242453665
1335695570
1769712451
1312971993
4379108937
6193765296
1359573625
5803093656
5286749994
111958650
1214576306
162580928
102815652
83858907
2380077519
224422602
770538576
4777817887
169302362
4161745937
6035872082
5479908441
65241
371263894
7178032757
1176784616
7187738470
7436755782
7208561693
7444224664
3808081382
2955322961
6325068386
5750914919
1686885941
5203828273
2711375305
66654135
5569032992
3508322461
2936053166
3647333358
383310974
4777817887
6931042565
2440500124
3317679266
703124385
3317771874
2619619496
210851291
5012222382
5650396773
88070565
65241